8.6
29.32
64.9
91.52
119.08
145.12
164.92
177.36
191.92
199.28
205.44
213.94
216.44
220.14
223.48
225.58
228.08
231.72
233.86
236.32
238.42
241.3
242.62
244.36
245.9
247.26
248.0
249.1
250.1
250.46
251.28
251.94
252.74
253.18
253.72
253.92
254.26
254.4
254.66
254.66
254.72
254.82
254.96
255.1
255.42
256.0
256.0
256.28
256.34
256.6
256.78
256.9
256.98
257.12
257.12
257.12
257.24
258.46
258.62
258.62
258.62
258.62
258.62
258.84
258.84
259.22
259.26
259.48
259.48
259.58
259.64
259.64
259.64
259.64
259.68
259.68
259.68
259.68
259.68
259.68
259.74
259.88
259.92
260.1
260.1
260.24
260.24
260.28
260.5
260.5
260.5
260.62
260.62
260.7
260.7
260.7
260.7
260.72
260.78
260.92
260.92
260.92
260.92
260.92
260.92
260.92
260.92
260.92
260.92
260.92
260.98
260.98
260.98
260.98
260.98
260.98
261.04
261.04
261.04
261.04
261.18
261.18
261.18
261.28
261.28
261.28
261.34
261.34
261.34
261.34
261.34
261.48
261.48
261.48
261.48
261.48
261.48
261.48
261.48
261.48
261.48
261.48
261.48
261.62
261.62
261.62
261.62
261.68
261.68
261.68
261.74
261.74
261.74
261.74
261.74
261.74
261.74
261.74
261.74
261.74
261.74
261.74
261.74
261.74
261.74
261.74
261.74
261.74
261.74
261.74
261.74
261.74
261.74
261.74
261.74
261.74
261.74
261.74
261.74
261.74
261.74
261.74
261.74
261.74
261.74
261.74
261.74
261.74
261.74
261.74
261.74
261.74
261.74
261.74
261.74
261.74
261.82
261.82
261.82
261.82
