-353.0358666666668
-243.67926666666665
-167.46380000000002
-110.13066666666667
-63.98946666666665
-25.083466666666663
8.686400000000003
36.266133333333336
61.60646666666666
83.51926666666668
102.01120000000004
119.44580000000002
133.79853333333335
146.09313333333338
156.08946666666668
164.69533333333328
173.31566666666666
180.35333333333332
187.50226666666666
195.11426666666665
201.81719999999999
207.7066666666667
212.69906666666665
217.06360000000006
221.85293333333334
226.18059999999994
230.00333333333333
232.7076666666666
236.00400000000008
238.77213333333333
240.88093333333342
243.1833333333334
244.5890666666666
246.18306666666666
247.58526666666666
248.88126666666673
249.74886666666666
250.36933333333337
250.6380000000001
250.92379999999997
251.1324666666667
251.35466666666665
251.55373333333335
252.10366666666664
252.39913333333334
252.77953333333335
252.89253333333338
252.99513333333337
253.25500000000002
253.3844666666667
253.4245333333333
253.5058
253.4753333333334
253.6197999999999
253.6979333333334
253.92973333333325
253.91093333333333
253.91586666666666
253.9284
253.92506666666668
253.99466666666666
253.93000000000004
253.8902666666667
253.8287333333333
253.92760000000007
253.9060666666666
253.98833333333332
254.06580000000008
254.1815333333334
254.21260000000007
254.24720000000013
254.4072666666667
254.5210666666667
254.5704000000001
254.68373333333338
254.6824666666666
254.76046666666676
254.69693333333345
254.7678
254.77680000000004
254.7098666666667
254.7212000000001
254.67333333333343
254.5002
254.72766666666675
254.80406666666676
254.83546666666666
254.9706666666667
254.99773333333337
254.94953333333333
255.02186666666668
254.97173333333336
254.9640666666667
255.03619999999998
255.09473333333338
255.15146666666672
255.1945333333334
255.15326666666672
255.22939999999994
255.36573333333342
255.41253333333344
255.44526666666675
255.46973333333335
255.4694666666667
255.3022
255.3408666666667
255.26799999999994
255.49259999999995
255.59879999999998
255.69300000000004
255.81653333333333
255.8034
255.80786666666665
255.87253333333337
255.85806666666667
255.8687333333334
255.90200000000002
255.99806666666674
256.06893333333335
256.07813333333337
256.08033333333344
256.04720000000003
256.02593333333334
256.05053333333336
256.0048
255.8726666666667
255.96806666666672
256.0559333333333
256.13926666666663
256.0817333333334
256.0582666666667
256.1544666666667
256.1936
256.24926666666676
256.2077333333333
256.2624666666668
256.25626666666665
256.19426666666675
256.102
256.2236666666667
256.2651333333334
256.2975333333333
256.3202000000001
256.2976
256.26379999999995
256.2987333333333
256.3220666666667
256.2907333333333
256.29993333333334
256.29366666666664
256.3421333333333
256.31860000000006
256.3584
256.3294000000001
256.37273333333343
256.3086
256.35580000000004
256.31606666666676
256.26866666666666
256.3515333333334
256.36746666666676
256.28993333333347
256.2432000000001
256.32126666666665
256.2996
256.39259999999996
256.4358666666667
256.3751333333334
256.47940000000006
256.3743333333333
256.4767333333334
256.5414666666666
256.5846666666667
256.5613333333333
256.5202
256.4558666666668
256.4346666666667
256.39740000000006
256.51360000000005
256.5706
256.5899333333334
256.5294
256.60226666666665
256.5948000000001
256.49166666666673
256.5466666666666
256.6090666666667
256.5828
256.5881333333333
256.5613333333333
256.53240000000005
256.56126666666665
256.52326666666664
256.56066666666663
256.4608
256.52380000000005
256.62600000000003
256.6442
256.60206666666664
256.675
