2.9020528282196683
3.5948173696463512
4.504675595793034
5.53475279985977
6.627527495730718
7.70118190756025
9.028793901488479
9.176479749640139
9.989283693650021
9.92158799056101
10.236598402898407
10.381462805351127
10.51941964580007
10.785117160080675
10.869291136857901
10.70945028675349
10.66392677962068
10.334021536222533
10.397350909620094
9.662845883071922
9.398911274775983
9.121476841925203
8.706202055240086
8.152459743605675
7.402253085228698
6.71158337577654
6.375421580831604
6.26764236420327
6.025841656288912
6.043181463066913
5.8108127566919014
5.712130989783448
5.418238480047427
5.323667030242303
5.168398323680386
5.246164396648913
5.16665133986974
5.162671950324432
5.251247999814478
5.277659024500246
5.374646766791077
5.390533698582688
5.317920329101091
5.227833471482765
5.257591493471342
5.270535962731349
5.24523353531566
5.2980143262463075
5.294423221655026
5.285402219636016
5.3381606253673395
5.380355738032364
5.341562817503257
5.30181753332446
5.262393676835664
5.300971743620849
5.292122836400869
5.272145953130576
5.305422553492897
5.303097399319256
5.30237542155505
5.3234363901525095
5.2936152930781715
5.3363623366276185
5.302908814352115
5.300856646597583
5.41567595298849
5.408036743896378
5.36037808792958
5.312430039173327
5.368779360131853
5.300658184393498
5.252406426687782
5.198266053214282
5.216574553393359
5.236554091830491
5.2730453462238795
5.259940988684613
5.2466538607425255
5.230866265203542
5.2934649748534275
5.293791256011352
5.316328745791903
5.39549431789567
5.277765365190083
5.2268951511495905
5.203661358014076
5.178091669073976
5.152963208355622
5.173750155136771
5.165474842752707
5.190073326820901
5.206416023523282
5.176500394517944
5.121738171645334
5.15684098132439
5.1483308596087705
5.1291607120463665
5.1190806866728185
5.140886175661849
5.181791105614178
5.190521629641645
5.1816035896235855
5.163423168575068
5.190154275270738
5.143658909656517
5.06705274844811
5.130722304467039
5.163731185016424
5.139341421816612
5.094376659721098
5.147880896166023
5.1174710850835945
5.124841087617579
5.17141881552399
5.167940218199982
5.146876399008109
5.218739440069157
5.237612512077109
5.225616488458032
5.234858888578884
5.254716435525115
5.248421014298811
5.262768434536671
5.331698053049224
5.405576893871326
5.292915612086278
5.226918948949648
5.200801757528457
5.197677496728706
5.202833867123655
5.1717856319972615
5.1941638813832816
5.1694755836544966
5.153646955096726
5.164574950887374
5.163336944694238
5.18869010487661
5.182452904861859
5.174783970262807
5.15221762620503
5.141301476063991
5.153981173272216
5.143898467980185
5.161456545179642
5.140522724068698
5.126792400820528
5.144788509744595
5.180045221703078
5.145096460061107
5.185436623210559
5.140881378064789
5.1776922383969035
5.155629681231963
5.146705825520285
5.133361613450238
5.1304027111805635
5.126572167421207
5.17950317222715
5.206158598877551
5.227816567384725
5.293609716651031
5.298325091322099
5.220240180617489
5.15275509520015
5.142355429718521
5.129921382980011
5.173949503790868
5.115837975129565
5.121610274665141
5.142706242717824
5.112346744891234
5.145555655126082
5.138783935264581
5.1429308700822
5.1337232380061595
5.107142101454044
5.096642307441244
5.170677226652447
5.157118227266076
5.143305135913201
5.169241387390521
5.137235815754097
5.164001292710054
5.1623412674009765
5.180561681259411
5.181580658018898
5.145857528796017
5.157794728585291
5.157366446808554
5.169761718557892
5.182402380385201
5.1628211440602465
5.171797538359151
5.196535422332418
5.202406718796386
5.194200248567841
5.201013285996403
5.1958797125970655
5.1789809513498355
