11.753722814495838
17.528103148943416
21.000059523725163
14.619589597522907
17.273922542375836
14.042663565007885
12.265740907095665
10.308617754092932
7.691449798315009
8.671816418721052
8.031911354092498
7.297540681626927
7.40281027718528
6.9570180393614045
7.884313540188518
7.254715707731075
7.240055248407986
7.497359535196375
7.50866832401059
7.01743542898686
7.667522416008967
7.510825520540336
7.471873928272612
7.601157806545
7.720913158428865
7.841434817684837
7.754998388136518
8.135262749290893
8.282058922755864
8.31096263979089
8.343284724855074
8.468417797912426
8.702763928775733
8.581194555538293
8.524693542878829
8.659584285634038
8.658989548440397
8.664294547163086
8.60500435793033
8.60500435793033
8.575569951904074
8.62130500562415
8.661385570450031
8.693819643861955
8.511809443355743
8.609878047916823
8.609878047916823
8.731574886582603
8.694026685029211
8.694250974063262
8.785949009640335
8.792184029011223
8.74899422790986
8.706687085223633
8.706687085223633
8.706687085223633
8.669809686492547
7.049262372759296
7.064623132198914
7.054707648088614
7.054707648088614
7.054707648088614
7.054707648088614
6.863206247811587
6.863206247811587
6.794328517226702
6.802800893749575
6.803851850238954
6.803851850238954
6.759504419704155
6.741483516259607
6.741483516259607
6.741483516259607
6.741483516259607
6.758283805819344
6.758283805819344
6.758283805819344
6.758283805819344
6.758283805819344
6.758283805819344
6.777765118385264
6.69823857443134
6.674458779556587
6.738137724920737
6.738137724920737
6.734656635642236
6.734656635642236
6.7372397908935975
6.672518265242891
6.672518265242891
6.672518265242891
6.556592102609404
6.556592102609404
6.545418244848834
6.545418244848834
6.545418244848834
6.545418244848834
6.537614243743661
6.546212645492047
6.64216832066156
6.64216832066156
6.64216832066156
6.64216832066156
6.64216832066156
6.64216832066156
6.64216832066156
6.64216832066156
6.64216832066156
6.64216832066156
6.64216832066156
6.699619392174453
6.699619392174453
6.699619392174453
6.699619392174453
6.699619392174453
6.699619392174453
6.711899880063766
6.711899880063766
6.711899880063766
6.711899880063766
6.776201000560712
6.776201000560712
6.776201000560712
6.788254562109468
6.788254562109468
6.788254562109468
6.850262768682673
6.850262768682673
6.850262768682673
6.850262768682673
6.850262768682673
6.810462539358102
6.810462539358102
6.810462539358102
6.810462539358102
6.810462539358102
6.810462539358102
6.810462539358102
6.810462539358102
6.810462539358102
6.810462539358102
6.810462539358102
6.810462539358102
6.861406561340028
6.861406561340028
6.861406561340028
6.861406561340028
6.8588920388062675
6.8588920388062675
6.8588920388062675
6.86499089584247
6.86499089584247
6.86499089584247
6.86499089584247
6.86499089584247
6.86499089584247
6.86499089584247
6.86499089584247
6.86499089584247
6.86499089584247
6.86499089584247
6.86499089584247
6.86499089584247
6.86499089584247
6.86499089584247
6.86499089584247
6.86499089584247
6.86499089584247
6.86499089584247
6.86499089584247
6.86499089584247
6.86499089584247
6.86499089584247
6.86499089584247
6.86499089584247
6.86499089584247
6.86499089584247
6.86499089584247
6.86499089584247
6.86499089584247
6.86499089584247
6.86499089584247
6.86499089584247
6.86499089584247
6.86499089584247
6.86499089584247
6.86499089584247
6.86499089584247
6.86499089584247
6.86499089584247
6.86499089584247
6.86499089584247
6.86499089584247
6.86499089584247
6.86499089584247
6.86499089584247
6.868544241686152
6.868544241686152
6.868544241686152
6.868544241686152
