Arlene
0	0	0	0	0	0	0
0	0	0	0	0	0	0
0	0	0	0	0	0	0
0	0	0	0	0	0	0
1	1	1	1	1	1	1
Bret
0	0	0	0	0	0	0
0	0	0	0	0	0	0
0	0	0	0	0	0	0
1	1	1	1	1	1	1
0	0	0	0	0	0	0
Cindy
0	0	0	0	0	0	0
0	0	0	0	0	0	0
1	1	1	1	1	1	1
0	0	0	0	0	0	0
0	0	0	0	0	0	0
Don
0	0	0	0	0	0	0
1	1	1	1	1	1	1
0	0	0	0	0	0	0
0	0	0	0	0	0	0
0	0	0	0	0	0	0
Emily
1	1	1	1	1	1	1
0	0	0	0	0	0	0
0	0	0	0	0	0	0
0	0	0	0	0	0	0
0	0	0	0	0	0	0
Franklin
1	1	0	0	0	0	0
0	0	1	1	0	0	0
0	0	0	0	1	0	0
0	0	0	0	0	0	0
0	0	0	0	0	0	0
Gert
0	0	0	0	0	0	0
0	0	0	0	0	0	0
0	0	0	0	0	1	0
0	0	0	0	0	1	1
0	0	0	0	0	1	1